U0 0 0 0 0 0
U1 1 56 493 562 1952
U2 0 0 0 0 0
U3 0 0 0 0 0
U4 1 34 357 421 2016
U5 1 84 363 409 1159
U6 0 0 0 0 0
U7 1 97 14 150 1496
U8 0 0 0 0 0
U9 1 63 760 788 683
U10 1 45 1368 1420 1357
U11 0 0 0 0 0
U12 1 67 14 33 608
U13 1 39 856 924 1285
U14 1 48 1177 1257 1752
U15 0 0 0 0 0
U16 1 67 681 740 1893
U17 0 0 0 0 0
U18 1 76 11 121 1210
U19 0 0 0 0 0
U20 0 0 0 0 0
U21 0 0 0 0 0
U22 1 6 133 197 1401
U23 0 0 0 0 0
U24 0 0 0 0 0
U25 0 0 0 0 0
U26 1 29 718 789 2002
U27 1 35 407 469 1568
U28 1 74 1098 1148 1160
U29 0 0 0 0 0
U30 1 66 231 295 2118
U31 1 44 880 940 1872
U32 0 0 0 0 0
U33 0 0 0 0 0
U34 0 0 0 0 0
U35 0 0 0 0 0
U36 1 32 641 699 1745
U37 0 0 0 0 0
U38 0 0 0 0 0
U39 1 25 716 852 3794
U40 1 38 776 886 2541
U41 0 0 0 0 0
U42 0 0 0 0 0
U43 0 0 0 0 0
U44 0 0 0 0 0
U45 1 66 120 218 3234
U46 1 51 329 369 1192
U47 0 0 0 0 0
U48 1 25 483 565 2312
U49 1 68 1150 1216 1722
U50 0 0 0 0 0
U51 1 46 1022 1074 1294
U52 0 0 0 0 0
U53 0 0 0 0 0
U54 0 0 0 0 0
U55 1 50 466 526 1500
U56 0 0 0 0 0
U57 1 50 342 388 920
U58 1 73 0 96 1776
U59 0 0 0 0 0
U60 1 37 737 863 2772
U61 1 67 910 954 1386
U62 1 1 355 465 3530
U63 0 0 0 0 0
U64 1 64 93 152 1652
U65 0 0 0 0 0
U66 1 53 496 558 1736
U67 0 0 0 0 0
U68 1 31 328 386 1548
U69 1 53 220 352 3735
U70 0 0 0 0 0
U71 1 22 464 516 1206
U72 1 25 1012 1110 2704
U73 1 33 1144 1224 1752
U74 1 90 76 117 1045
U75 1 52 91 143 1144
U76 1 2 190 322 3643
U77 1 0 874 896 187
U78 1 6 301 372 1533
U79 1 53 801 903 2794
U80 1 51 581 679 2891
U81 0 0 0 0 0
U82 1 78 78 113 805
U83 0 0 0 0 0
U84 1 6 12 74 1178
U85 1 89 838 890 1502
U86 1 34 140 238 2891
U87 1 66 1231 1243 364
U88 0 0 0 0 0
U89 0 0 0 0 0
U90 1 54 299 397 2528
U91 1 51 696 778 2394
U92 0 0 0 0 0
U93 0 0 0 0 0
U94 1 63 520 602 2050
U95 1 87 245 316 2137
U96 1 36 674 810 2788
U97 0 0 0 0 0
U98 0 0 0 0 0
U99 1 64 965 1063 2763
U100 1 53 659 741 2271
U101 1 35 293 375 2099
U102 1 10 60 112 468
U103 1 95 238 318 2432
U104 1 63 428 512 1638
U105 1 87 798 838 1144
U106 1 38 1304 1366 1395
U107 0 0 0 0 0
U108 1 34 725 793 2080
U109 0 0 0 0 0
U110 1 95 693 791 2891
U111 1 24 813 923 2783
U112 1 60 950 1012 1754
U113 1 64 171 223 1544
U114 1 87 51 161 3355
U115 1 40 416 432 355
U116 0 0 0 0 0
U117 1 38 95 205 2475
U118 1 60 1042 1138 2688
U119 0 0 0 0 0
U120 0 0 0 0 0
U121 1 5 499 579 2144
U122 0 0 0 0 0
U123 1 90 1257 1309 1450
U124 1 13 36 116 720
U125 0 0 0 0 0
U126 0 0 0 0 0
U127 0 0 0 0 0
U128 1 40 691 752 1335
U129 1 15 416 468 1378
U130 1 22 186 232 782
U131 0 0 0 0 0
U132 1 41 408 499 2602
U133 1 44 1074 1090 489
U134 0 0 0 0 0
U135 1 16 107 157 775
U136 1 40 339 351 270
U137 0 0 0 0 0
U138 1 94 529 613 1713
U139 1 90 170 222 1528
U140 1 31 1183 1319 3345
U141 1 27 65 151 1892
U142 0 0 0 0 0
U143 1 7 432 512 2504
U144 1 10 583 651 1060
U145 0 0 0 0 0
U146 1 80 1009 1044 1081
U147 1 30 930 974 990
U148 1 53 1226 1276 1340
U149 1 68 102 164 1767
U150 0 0 0 0 0
U151 0 0 0 0 0
U152 0 0 0 0 0
U153 0 0 0 0 0
U154 0 0 0 0 0
U155 0 0 0 0 0
U156 1 23 1220 1255 808
U157 0 0 0 0 0
U158 1 17 890 964 2042
U159 1 53 1313 1379 1749
U160 1 46 403 463 1530
U161 0 0 0 0 0
U162 0 0 0 0 0
U163 0 0 0 0 0
U164 1 5 1046 1068 569
U165 1 25 375 473 2793
U166 1 7 926 1062 4052
U167 0 0 0 0 0
U168 0 0 0 0 0
U169 1 75 72 143 568
U170 1 7 1169 1305 4012
U171 1 66 904 944 1264
U172 1 11 642 710 1781
U173 1 49 590 642 1513
U174 0 0 0 0 0
U175 1 9 461 513 1513
U176 1 86 287 348 1939
U177 1 2 1258 1304 1228
U178 0 0 0 0 0
U179 0 0 0 0 0
U180 1 7 54 164 3410
U181 1 21 1272 1324 1159
U182 0 0 0 0 0
U183 0 0 0 0 0
U184 0 0 0 0 0
U185 1 23 269 367 2469
U186 0 0 0 0 0
U187 1 19 1269 1328 1545
U188 0 0 0 0 0
U189 0 0 0 0 0
U190 0 0 0 0 0
U191 1 15 1328 1368 964
U192 1 77 468 566 2391
U193 1 44 2 46 1408
U194 1 9 597 677 2304
U195 0 0 0 0 0
U196 1 11 588 629 1086
U197 0 0 0 0 0
U198 0 0 0 0 0
U199 1 64 701 799 2793
U200 1 69 1325 1383 1200
U201 1 7 512 573 1891
U202 0 0 0 0 0
U203 1 3 358 449 2538
U204 1 15 757 841 2150
U205 0 0 0 0 0
U206 0 0 0 0 0
U207 1 98 1188 1240 1170
U208 1 82 221 312 2866
U209 1 21 892 972 1856
U210 0 0 0 0 0
U211 0 0 0 0 0
U212 1 72 931 983 1497
U213 1 74 625 691 1551
U214 1 78 247 293 1191
U215 0 0 0 0 0
U216 1 26 601 653 889
U217 1 21 292 354 1494
U218 0 0 0 0 0
U219 1 8 16 78 1829
U220 1 49 1220 1284 1785
U221 1 96 552 580 602
U222 0 0 0 0 0
U223 1 21 479 550 1689
U224 1 47 274 338 1369
U225 0 0 0 0 0
U226 0 0 0 0 0
U227 1 6 420 482 1320
U228 1 42 870 922 1300
U229 0 0 0 0 0
U230 1 13 735 804 1097
U231 1 5 1129 1200 1817
U232 1 4 704 716 292
U233 1 23 399 451 1294
U234 0 0 0 0 0
U235 0 0 0 0 0
U236 1 46 1099 1157 1426
U237 0 0 0 0 0
U238 0 0 0 0 0
U239 0 0 0 0 0
U240 1 73 934 962 655
U241 1 34 539 607 2101
U242 1 91 238 273 892
U243 0 0 0 0 0
U244 0 0 0 0 0
U245 0 0 0 0 0
U246 0 0 0 0 0
U247 0 0 0 0 0
U248 1 65 1187 1258 1725
U249 0 0 0 0 0
U250 0 0 0 0 0
U251 1 98 953 1013 960
U252 0 0 0 0 0
U253 1 32 865 884 560
U254 1 80 468 566 3116
U255 1 58 554 593 565
U256 1 15 474 513 1021
U257 1 44 236 362 4158
U258 0 0 0 0 0
U259 1 22 649 711 1419
U260 1 90 1313 1371 1600
U261 1 52 296 342 1205
U262 0 0 0 0 0
U263 0 0 0 0 0
U264 1 76 132 184 889
U265 1 94 720 804 1688
U266 0 0 0 0 0
U267 1 20 99 195 2496
U268 0 0 0 0 0
U269 1 49 689 733 1267
U270 0 0 0 0 0
U271 0 0 0 0 0
U272 1 7 793 845 1565
U273 1 29 968 1059 2538
U274 1 4 316 368 1300
U275 1 49 145 203 1757
U276 0 0 0 0 0
U277 0 0 0 0 0
U278 1 25 1138 1184 1255
U279 1 31 477 563 2244
U280 1 90 310 362 1513
U281 0 0 0 0 0
U282 0 0 0 0 0
U283 0 0 0 0 0
U284 1 11 26 106 1760
U285 0 0 0 0 0
U286 1 32 582 640 1763
U287 0 0 0 0 0
U288 1 54 718 798 1944
U289 1 88 284 312 792
U290 0 0 0 0 0
U291 1 72 415 467 1528
U292 1 56 1000 1064 1734
U293 0 0 0 0 0
U294 0 0 0 0 0
U295 0 0 0 0 0
U296 0 0 0 0 0
U297 0 0 0 0 0
U298 1 42 417 527 2420
U299 1 28 21 83 2108
U300 0 0 0 0 0
U301 1 69 404 495 1965
U302 1 8 519 547 840
U303 1 46 1177 1229 1263
U304 1 70 1100 1152 754
U305 1 55 918 968 1475
U306 0 0 0 0 0
U307 1 1 883 902 587
U308 1 89 395 453 1728
U309 0 0 0 0 0
U310 0 0 0 0 0
U311 1 68 808 852 1188
U312 0 0 0 0 0
U313 0 0 0 0 0
U314 0 0 0 0 0
U315 1 44 1305 1373 2060
U316 1 21 1158 1238 1808
U317 1 67 395 445 1635
U318 0 0 0 0 0
U319 1 56 900 964 1753
U320 0 0 0 0 0
U321 1 91 359 485 3250
U322 0 0 0 0 0
U323 0 0 0 0 0
U324 1 31 632 644 306
U325 1 85 973 1019 814
U326 1 24 719 805 2201
U327 0 0 0 0 0
U328 1 37 103 144 926
U329 1 55 545 609 1926
U330 0 0 0 0 0
U331 0 0 0 0 0
U332 1 15 1195 1247 1268
U333 1 17 391 413 633
U334 1 91 534 630 2448
U335 1 3 259 327 1917
U336 1 54 663 715 1279
U337 0 0 0 0 0
U338 1 21 1003 1113 2519
U339 0 0 0 0 0
U340 0 0 0 0 0
U341 1 67 1166 1246 2496
U342 1 57 1169 1237 1122
U343 1 30 588 647 1345
U344 0 0 0 0 0
U345 1 37 416 477 1360
U346 1 34 1213 1293 2352
U347 1 47 88 156 1054
U348 0 0 0 0 0
U349 1 17 1092 1176 2293
U350 1 61 27 89 1519
U351 1 14 97 149 1716
U352 0 0 0 0 0
U353 1 51 983 1049 1887
U354 0 0 0 0 0
U355 0 0 0 0 0
U356 1 66 513 604 2984
U357 0 0 0 0 0
U358 1 42 545 677 3339
U359 0 0 0 0 0
U360 0 0 0 0 0
U361 0 0 0 0 0
U362 1 95 131 215 2578
U363 1 28 547 566 617
U364 1 2 54 106 1300
U365 0 0 0 0 0
U366 1 87 1217 1278 1689
U367 0 0 0 0 0
U368 0 0 0 0 0
U369 1 38 619 638 444
U370 1 5 69 151 2173
U371 1 64 425 469 1280
U372 1 89 192 238 1384
U373 0 0 0 0 0
U374 0 0 0 0 0
U375 1 99 256 325 2028
U376 1 64 609 661 1497
U377 1 48 217 327 2475
U378 1 33 1273 1353 1728
U379 0 0 0 0 0
U380 0 0 0 0 0
U381 1 33 257 319 1271
U382 1 90 941 982 1156
U383 0 0 0 0 0
U384 0 0 0 0 0
U385 1 22 258 316 1363
U386 1 9 953 1022 1925
U387 0 0 0 0 0
U388 1 27 1246 1274 739
U389 1 92 720 748 691
U390 1 20 1144 1184 1108
U391 1 60 1268 1328 1644
U392 1 66 1093 1139 1426
U393 1 3 1028 1130 2754
U394 1 79 862 931 2111
U395 1 87 340 359 566
U396 1 81 558 660 1887
U397 0 0 0 0 0
U398 1 49 920 982 1767
U399 1 87 519 651 3814
U400 1 24 590 674 2175
U401 1 5 1248 1300 1315
U402 1 99 71 140 1897
U403 0 0 0 0 0
U404 1 92 98 182 2175
U405 1 46 277 339 1599
U406 0 0 0 0 0
U407 1 90 724 784 1710
U408 1 41 16 148 3762
U409 1 45 1195 1241 1214
U410 1 86 667 695 856
U411 0 0 0 0 0
U412 0 0 0 0 0
U413 1 68 932 972 1068
U414 0 0 0 0 0
U415 0 0 0 0 0
U416 1 31 681 733 1310
U417 0 0 0 0 0
U418 1 15 1059 1145 2124
U419 1 27 371 383 327
U420 1 99 361 452 2648
U421 1 34 265 356 2893
U422 1 71 1320 1359 1068
U423 0 0 0 0 0
U424 1 52 220 272 1378
U425 0 0 0 0 0
U426 1 51 251 291 1204
U427 1 37 3 55 910
U428 0 0 0 0 0
U429 1 9 109 200 2757
U430 0 0 0 0 0
U431 1 10 1213 1254 627
U432 1 23 926 990 1516
U433 1 28 374 454 2648
U434 1 1 199 301 3264
U435 1 64 1153 1205 1450
U436 1 48 86 144 1322
U437 1 34 948 987 1170
U438 1 49 0 52 1404
U439 0 0 0 0 0
U440 1 33 434 514 1824
U441 1 14 1042 1174 4158
U442 1 86 380 460 2520
U443 0 0 0 0 0
U444 1 28 570 668 3155
U445 1 64 1350 1372 600
U446 1 9 15 106 2457
U447 1 21 745 805 1410
U448 0 0 0 0 0
U449 1 53 942 958 433
U450 1 60 1357 1407 1355
U451 1 47 883 922 811
U452 0 0 0 0 0
U453 1 95 608 679 2115
U454 1 38 999 1095 2188
U455 1 44 466 564 3175
U456 0 0 0 0 0
U457 1 79 16 100 2646
U458 0 0 0 0 0
U459 1 34 987 1028 1217
U460 1 25 86 127 1107
U461 0 0 0 0 0
U462 0 0 0 0 0
U463 1 27 1083 1145 1655
U464 1 92 573 699 3150
U465 1 89 1296 1370 2072
U466 1 47 417 463 970
U467 0 0 0 0 0
U468 0 0 0 0 0
U469 0 0 0 0 0
U470 0 0 0 0 0
U471 1 61 221 279 1606
U472 1 12 777 875 1274
U473 0 0 0 0 0
U474 0 0 0 0 0
U475 0 0 0 0 0
U476 1 65 505 615 2739
U477 0 0 0 0 0
U478 1 24 1062 1194 3300
U479 0 0 0 0 0
U480 1 83 736 777 1070
U481 1 5 779 801 576
U482 0 0 0 0 0
U483 0 0 0 0 0
U484 1 61 283 302 520
U485 0 0 0 0 0
U486 1 53 23 159 3400
U487 0 0 0 0 0
U488 1 71 304 402 2352
U489 0 0 0 0 0
U490 0 0 0 0 0
U491 1 14 1205 1249 1372
U492 1 65 206 290 2116
U493 0 0 0 0 0
U494 0 0 0 0 0
U495 1 30 1050 1182 2930
U496 1 74 558 624 1122
U497 1 32 78 152 2338
U498 1 15 279 415 3644
U499 1 82 483 544 1903
U500 0 0 0 0 0
U501 1 31 388 472 2217
U502 0 0 0 0 0
U503 1 87 168 209 1246
U504 1 74 1230 1340 2519
U505 1 71 1214 1278 1772
U506 1 27 876 938 1674
U507 1 28 1010 1071 1891
U508 1 82 785 867 2509
U509 1 11 990 1030 1012
U510 0 0 0 0 0
U511 0 0 0 0 0
U512 0 0 0 0 0
U513 0 0 0 0 0
U514 0 0 0 0 0
U515 0 0 0 0 0
U516 0 0 0 0 0
U517 0 0 0 0 0
U518 0 0 0 0 0
U519 1 29 397 461 1843
U520 0 0 0 0 0
U521 1 57 593 609 168
U522 1 0 963 1003 624
U523 0 0 0 0 0
U524 1 7 386 432 1453
U525 1 92 50 89 897
U526 1 11 752 768 414
U527 1 8 669 721 1528
U528 0 0 0 0 0
U529 0 0 0 0 0
U530 1 91 635 679 1108
U531 1 89 610 626 472
U532 1 87 883 895 339
U533 1 7 733 792 1793
U534 1 32 374 436 1922
U535 0 0 0 0 0
U536 1 16 414 512 2067
U537 1 80 832 903 2215
U538 0 0 0 0 0
U539 0 0 0 0 0
U540 0 0 0 0 0
U541 1 23 1145 1216 1661
U542 1 2 409 519 3003
U543 0 0 0 0 0
U544 0 0 0 0 0
U545 1 26 800 839 655
U546 0 0 0 0 0
U547 1 38 394 456 1469
U548 1 2 631 650 513
U549 1 31 580 592 309
U550 1 32 561 573 368
U551 1 20 1033 1143 3080
U552 1 38 247 357 2640
U553 0 0 0 0 0
U554 0 0 0 0 0
U555 1 85 778 862 1008
U556 0 0 0 0 0
U557 1 10 234 308 1176
U558 1 94 364 399 735
U559 1 66 1282 1340 1745
U560 1 18 244 285 1037
U561 1 65 732 773 1008
U562 1 89 672 746 2160
U563 1 49 1161 1183 620
U564 0 0 0 0 0
U565 1 55 1177 1287 3212
U566 1 25 1282 1362 2160
U567 1 94 1112 1164 1014
U568 0 0 0 0 0
U569 1 60 248 346 2450
U570 1 99 666 792 3591
U571 1 31 237 323 2322
U572 0 0 0 0 0
U573 1 17 801 867 1841
U574 0 0 0 0 0
U575 0 0 0 0 0
U576 1 26 418 544 2192
U577 1 15 672 741 1787
U578 0 0 0 0 0
U579 1 1 932 1042 3366
U580 0 0 0 0 0
U581 0 0 0 0 0
U582 1 64 347 409 1822
U583 0 0 0 0 0
U584 0 0 0 0 0
U585 1 40 99 197 1568
U586 0 0 0 0 0
U587 0 0 0 0 0
U588 1 66 1181 1227 1412
U589 1 4 469 488 469
U590 1 99 477 603 3628
U591 1 41 302 393 2629
U592 0 0 0 0 0
U593 0 0 0 0 0
U594 0 0 0 0 0
U595 0 0 0 0 0
U596 0 0 0 0 0
U597 1 87 371 429 1711
U598 1 67 210 276 2178
U599 0 0 0 0 0
U600 1 9 343 425 2435
U601 0 0 0 0 0
U602 0 0 0 0 0
U603 1 3 16 32 376
U604 0 0 0 0 0
U605 1 9 869 937 1917
U606 0 0 0 0 0
U607 1 56 584 636 1456
U608 0 0 0 0 0
U609 1 14 395 475 2592
U610 1 84 492 572 1992
U611 0 0 0 0 0
U612 1 64 1274 1326 1435
U613 0 0 0 0 0
U614 1 80 229 331 3264
U615 1 14 1251 1310 1823
U616 1 29 366 394 814
U617 0 0 0 0 0
U618 0 0 0 0 0
U619 0 0 0 0 0
U620 0 0 0 0 0
U621 1 1 624 676 1653
U622 1 8 560 606 1366
U623 0 0 0 0 0
U624 0 0 0 0 0
U625 0 0 0 0 0
U626 1 84 82 143 1525
U627 1 15 971 1053 2050
U628 0 0 0 0 0
U629 1 82 331 370 1240
U630 1 8 360 486 3817
U631 0 0 0 0 0
U632 0 0 0 0 0
U633 1 44 671 712 1303
U634 0 0 0 0 0
U635 0 0 0 0 0
U636 1 25 146 226 2328
U637 1 95 1040 1102 1773
U638 1 36 1097 1195 2508
U639 0 0 0 0 0
U640 0 0 0 0 0
U641 1 67 122 157 1165
U642 0 0 0 0 0
U643 0 0 0 0 0
U644 0 0 0 0 0
U645 1 73 512 608 2304
U646 1 5 677 759 2173
U647 1 50 920 984 1580
U648 1 56 640 652 332
U649 1 84 1186 1296 2673
U650 0 0 0 0 0
U651 1 43 54 114 990
U652 1 61 834 960 3376
U653 0 0 0 0 0
U654 0 0 0 0 0
U655 1 44 86 182 3196
U656 0 0 0 0 0
U657 1 11 827 879 1331
U658 1 25 296 348 1497
U659 0 0 0 0 0
U660 0 0 0 0 0
U661 1 82 377 451 2331
U662 1 55 801 863 1847
U663 0 0 0 0 0
U664 1 89 1073 1089 452
U665 1 49 487 522 1029
U666 0 0 0 0 0
U667 1 46 212 258 989
U668 1 86 709 777 2060
U669 1 3 575 673 2704
U670 1 62 1148 1206 1252
U671 0 0 0 0 0
U672 1 35 133 243 2475
U673 0 0 0 0 0
U674 1 41 1059 1185 3490
U675 0 0 0 0 0
U676 0 0 0 0 0
U677 1 79 1141 1243 3090
U678 1 66 850 878 893
U679 0 0 0 0 0
U680 1 98 1280 1332 1154
U681 0 0 0 0 0
U682 0 0 0 0 0
U683 0 0 0 0 0
U684 1 97 577 659 1402
U685 0 0 0 0 0
U686 0 0 0 0 0
U687 1 8 93 191 2998
U688 0 0 0 0 0
U689 0 0 0 0 0
U690 0 0 0 0 0
U691 1 30 449 488 900
U692 1 66 756 824 2189
U693 1 54 550 602 1294
U694 1 79 697 768 2193
U695 1 23 729 751 528
U696 1 54 506 545 982
U697 1 48 334 466 2930
U698 1 91 937 981 1095
U699 0 0 0 0 0
U700 0 0 0 0 0
U701 0 0 0 0 0
U702 0 0 0 0 0
U703 0 0 0 0 0
U704 1 69 1212 1322 2310
U705 0 0 0 0 0
U706 0 0 0 0 0
U707 1 68 402 424 607
U708 0 0 0 0 0
U709 1 13 1193 1261 1060
U710 0 0 0 0 0
U711 1 68 29 89 1440
U712 0 0 0 0 0
U713 0 0 0 0 0
U714 1 32 968 1020 1518
U715 1 14 237 333 3139
U716 0 0 0 0 0
U717 0 0 0 0 0
U718 1 29 577 648 2023
U719 0 0 0 0 0
U720 1 72 688 748 1746
U721 0 0 0 0 0
U722 1 65 94 174 1640
U723 0 0 0 0 0
U724 1 28 1076 1202 3868
U725 0 0 0 0 0
U726 1 68 203 215 338
U727 1 65 1364 1410 1104
U728 1 20 1277 1299 602
U729 0 0 0 0 0
U730 0 0 0 0 0
U731 0 0 0 0 0
U732 1 20 365 491 3603
U733 1 28 455 507 1705
U734 0 0 0 0 0
U735 0 0 0 0 0
U736 0 0 0 0 0
U737 0 0 0 0 0
U738 0 0 0 0 0
U739 1 26 18 34 184
U740 0 0 0 0 0
U741 1 3 738 766 764
U742 0 0 0 0 0
U743 1 77 1005 1067 1475
U744 1 9 684 758 2109
U745 1 91 1039 1101 1525
U746 0 0 0 0 0
U747 0 0 0 0 0
U748 1 88 75 155 2040
U749 1 57 792 844 873
U750 1 79 242 378 4324
U751 0 0 0 0 0
U752 0 0 0 0 0
U753 0 0 0 0 0
U754 0 0 0 0 0
U755 0 0 0 0 0
U756 1 32 13 41 854
U757 1 31 926 1058 3286
U758 0 0 0 0 0
U759 1 15 184 253 1869
U760 1 68 361 373 334
U761 1 20 211 337 3641
U762 1 95 422 482 1806
U763 1 95 1198 1226 792
U764 1 8 821 957 3957
U765 0 0 0 0 0
U766 0 0 0 0 0
U767 0 0 0 0 0
U768 1 97 662 684 369
U769 1 41 896 994 2744
U770 0 0 0 0 0
U771 0 0 0 0 0
U772 1 48 21 60 799
U773 1 7 618 684 2026
U774 1 54 408 499 2320
U775 0 0 0 0 0
U776 0 0 0 0 0
U777 1 45 1073 1147 1517
U778 1 17 549 629 2256
U779 1 15 38 106 1700
U780 1 19 793 845 1393
U781 1 23 525 609 2066
U782 1 90 440 484 1267
U783 1 44 573 664 2921
U784 0 0 0 0 0
U785 1 96 1262 1372 2937
U786 1 89 909 1019 3146
U787 0 0 0 0 0
U788 0 0 0 0 0
U789 1 73 823 885 1469
U790 1 44 380 408 915
U791 1 23 618 700 1992
U792 1 7 186 284 3126
U793 1 50 404 456 1315
U794 0 0 0 0 0
U795 1 28 175 273 3302
U796 1 88 1256 1308 1440
U797 1 19 1071 1167 2544
U798 1 28 956 1008 1627
U799 1 61 89 148 1652
U800 0 0 0 0 0
U801 1 78 761 857 2400
U802 0 0 0 0 0
U803 1 59 244 342 1764
U804 0 0 0 0 0
U805 1 55 221 290 2097
U806 1 72 353 388 892
U807 1 1 751 797 1435
U808 0 0 0 0 0
U809 1 9 239 308 2070
U810 1 34 832 906 2242
U811 0 0 0 0 0
U812 1 84 256 296 1020
U813 1 96 953 993 1080
U814 1 87 458 510 1518
U815 1 95 58 97 1131
U816 0 0 0 0 0
U817 1 75 628 647 290
U818 0 0 0 0 0
U819 1 41 515 579 1811
U820 1 30 374 442 1156
U821 0 0 0 0 0
U822 0 0 0 0 0
U823 0 0 0 0 0
U824 0 0 0 0 0
U825 1 88 1051 1097 1288
U826 0 0 0 0 0
U827 1 29 52 87 945
U828 1 16 331 393 1326
U829 1 78 406 486 2048
U830 1 20 821 957 3848
U831 0 0 0 0 0
U832 0 0 0 0 0
U833 1 5 409 431 602
U834 0 0 0 0 0
U835 0 0 0 0 0
U836 0 0 0 0 0
U837 0 0 0 0 0
U838 0 0 0 0 0
U839 0 0 0 0 0
U840 1 60 1148 1239 2520
U841 1 41 207 298 2657
U842 0 0 0 0 0
U843 1 66 969 1031 1940
U844 0 0 0 0 0
U845 1 1 1213 1345 3999
U846 1 95 969 1013 1271
U847 0 0 0 0 0
U848 1 32 1083 1145 1791
U849 0 0 0 0 0
U850 1 66 665 756 2957
U851 0 0 0 0 0
U852 1 86 924 993 2070
U853 1 35 817 857 1000
U854 0 0 0 0 0
U855 1 34 489 517 873
U856 0 0 0 0 0
U857 0 0 0 0 0
U858 0 0 0 0 0
U859 0 0 0 0 0
U860 1 62 1096 1146 725
U861 0 0 0 0 0
U862 1 5 174 245 1988
U863 1 51 86 148 1736
U864 0 0 0 0 0
U865 0 0 0 0 0
U866 1 67 1251 1297 1421
U867 1 47 926 997 1455
U868 1 56 1217 1229 321
U869 1 56 140 266 3641
U870 0 0 0 0 0
U871 1 80 697 788 2866
U872 1 92 458 556 2479
U873 1 19 664 748 1890
U874 1 15 866 912 1163
U875 1 68 1049 1111 1636
U876 1 79 508 530 686
U877 0 0 0 0 0
U878 0 0 0 0 0
U879 1 9 1211 1295 2318
U880 0 0 0 0 0
U881 1 89 132 154 660
U882 0 0 0 0 0
U883 0 0 0 0 0
U884 1 56 321 423 2917
U885 0 0 0 0 0
U886 0 0 0 0 0
U887 1 17 205 251 1219
U888 0 0 0 0 0
U889 0 0 0 0 0
U890 0 0 0 0 0
U891 1 1 685 743 1827
U892 1 80 362 460 3145
U893 1 49 357 431 2197
U894 1 4 219 315 2064
U895 1 21 87 148 1220
U896 0 0 0 0 0
U897 1 55 74 143 1966
U898 1 81 690 718 649
U899 0 0 0 0 0
U900 1 86 461 500 1216
U901 1 42 953 1005 1284
U902 0 0 0 0 0
U903 1 18 464 560 2371
U904 1 28 285 369 2805
U905 0 0 0 0 0
U906 1 5 270 334 1772
U907 1 68 511 563 1419
U908 1 88 198 272 2116
U909 1 5 433 485 1409
U910 1 92 339 437 2508
U911 0 0 0 0 0
U912 1 72 1138 1154 456
U913 1 23 0 71 1739
U914 1 14 681 777 3052
U915 0 0 0 0 0
U916 1 28 894 952 1832
U917 1 24 511 557 1058
U918 0 0 0 0 0
U919 1 47 1302 1321 383
U920 1 24 1260 1322 1531
U921 1 28 798 850 1658
U922 1 26 979 1043 1056
U923 0 0 0 0 0
U924 1 32 716 735 566
U925 1 39 136 177 574
U926 0 0 0 0 0
U927 1 54 31 53 429
U928 0 0 0 0 0
U929 0 0 0 0 0
U930 0 0 0 0 0
U931 1 94 120 181 1067
U932 1 40 838 899 1317
U933 1 44 764 805 1291
U934 1 97 704 802 1617
U935 0 0 0 0 0
U936 0 0 0 0 0
U937 0 0 0 0 0
U938 1 14 3 87 2646
U939 0 0 0 0 0
U940 1 33 519 621 2295
U941 1 49 255 313 1740
U942 1 77 934 986 1253
U943 1 77 153 188 665
U944 1 77 297 395 2420
U945 0 0 0 0 0
U946 0 0 0 0 0
U947 1 17 416 514 2793
U948 0 0 0 0 0
U949 1 46 727 818 2293
U950 1 67 460 510 1620
U951 1 69 785 876 1938
U952 1 87 1148 1200 1456
U953 0 0 0 0 0
U954 1 33 649 710 1354
U955 0 0 0 0 0
U956 0 0 0 0 0
U957 0 0 0 0 0
U958 1 18 163 224 1561
U959 1 84 1074 1126 1279
U960 1 18 90 151 1372
U961 1 9 429 448 558
U962 1 32 178 237 1846
U963 0 0 0 0 0
U964 1 46 1296 1365 1656
U965 0 0 0 0 0
U966 0 0 0 0 0
U967 1 51 888 940 1502
U968 0 0 0 0 0
U969 1 79 382 480 3087
U970 1 94 888 946 1148
U971 1 86 527 591 1977
U972 1 82 674 784 3399
U973 1 56 69 121 1456
U974 1 95 804 936 3854
U975 1 44 1021 1071 1545
U976 1 83 485 524 780
U977 0 0 0 0 0
U978 1 99 999 1135 3835
U979 1 18 395 455 1500
U980 1 63 723 758 864
U981 0 0 0 0 0
U982 1 69 196 248 962
U983 1 82 1093 1175 2484
U984 1 61 380 478 2655
U985 0 0 0 0 0
U986 0 0 0 0 0
U987 1 14 526 606 2568
U988 0 0 0 0 0
U989 1 78 623 667 1113
U990 1 86 13 48 1102
U991 1 94 427 473 952
U992 0 0 0 0 0
U993 0 0 0 0 0
U994 1 2 107 159 1450
U995 0 0 0 0 0
U996 1 67 808 867 1876
U997 0 0 0 0 0
U998 0 0 0 0 0
U999 0 0 0 0 0
